concept,locus,dim,real,perm,control,selectivity,n_types,nuis_view_AP,nuis_sex_M
Effusion,vis.block0,1024,0.5,0.5,0.5,0.0,39,0.5,0.5
Effusion,vis.block12,1024,0.5,0.5,0.5,0.0,39,0.5,0.5
Effusion,vis.block16,1024,0.5,0.5,0.5,0.0,39,0.5,0.5
Effusion,vis.block20,1024,0.5,0.5,0.5,0.0,39,0.5,0.5
Effusion,vis.block4,1024,0.5,0.5,0.5,0.0,39,0.5,0.5
Effusion,vis.block8,1024,0.5,0.5,0.5,0.0,39,0.5,0.5
Effusion,vis.last,1024,0.5,0.5,0.5,0.0,39,0.5,0.5
Effusion,connector,3584,0.510625211531953,0.49996523183902036,0.572814297189897,-0.06218908565794401,39,0.9196538048057644,0.5905565209477466
Effusion,llm.L0.ans,3584,0.5292695609365865,0.5247032399003108,0.5989703634722153,-0.06970080253562883,39,0.8492863991632043,0.6218683609536622
Effusion,llm.L0.vis,3584,0.5516184117411772,0.5224860773514661,0.6155769135074037,-0.06395850176622653,39,0.940102565592585,0.6531120862994257
Effusion,llm.L1.ans,3584,0.5797710839666472,0.509692317159472,0.6221917808219178,-0.04242069685527061,39,0.8686384635499899,0.6798996339725778
Effusion,llm.L1.vis,3584,0.5593806344420171,0.4981274422325467,0.6218205600301412,-0.06243992558812406,39,0.9397870238544904,0.6699702513843344
Effusion,llm.L2.ans,3584,0.5605338297283161,0.5075009999692317,0.6164016748299223,-0.05586784510160614,39,0.8645412150971904,0.6742141217759299
Effusion,llm.L2.vis,3584,0.548791421802406,0.5100027691455647,0.6319430444085845,-0.08315162260617848,39,0.937711160182468,0.6856761553184895
Effusion,llm.L3.ans,3584,0.5684791237192701,0.49933417433309746,0.6239655650418352,-0.05548644132256508,39,0.8650739460150506,0.6791347305133769
Effusion,llm.L3.vis,3584,0.5548140057229008,0.5002787606535184,0.6281443936561195,-0.07333038793321867,39,0.9445878490280966,0.6850521738388513
Effusion,llm.L4.ans,3584,0.5660398141595644,0.5017427156087504,0.6260083457144685,-0.059968531554904114,39,0.8695773890809775,0.6625487396654846
Effusion,llm.L4.vis,3584,0.5619254792160242,0.5209532014399557,0.635898941501802,-0.07397346228577784,39,0.9431840369584799,0.6838137383998886
Effusion,llm.L5.ans,3584,0.5566721023968494,0.4950213839574167,0.6235061953067796,-0.06683409290993025,39,0.8643879478164862,0.6741957777442813
Effusion,llm.L5.vis,3584,0.5593255592135626,0.4981794406325959,0.6443828507652607,-0.08505729155169806,39,0.9467928639916322,0.6811493033534026
Effusion,llm.L6.ans,3584,0.5332245161687332,0.5129491400264607,0.6208957070042866,-0.08767119083555341,39,0.8681841822355231,0.6626798497211424
Effusion,llm.L6.vis,3584,0.554859542783299,0.501846712408849,0.636209595439003,-0.08135005265570405,39,0.9470007554406251,0.6964861936276532
Effusion,llm.L7.ans,3584,0.5745057075166918,0.4900107688994185,0.6201966290137981,-0.045690921497106296,39,0.8686117325740187,0.6686464948679371
Effusion,llm.L7.vis,3584,0.562379926771484,0.5236398880034461,0.6370652088916693,-0.07468528212018533,39,0.9472334892640264,0.6894780625289736
Effusion,llm.L8.ans,3584,0.5722586997323159,0.49542629457555154,0.6237837223023935,-0.05152502257007763,39,0.8649681843275125,0.6671023255681672
Effusion,llm.L8.vis,3584,0.5511667333312821,0.4692701763022676,0.6454531495475258,-0.09428641621624367,39,0.9473072900020338,0.6938369741733099
Effusion,llm.L9.ans,3584,0.557201624565398,0.5029605242915602,0.6295461040299707,-0.07234447946457268,39,0.8655405758781997,0.6697842514355271
Effusion,llm.L9.vis,3584,0.5674585397372389,0.5187292698686194,0.6360021610708675,-0.06854362133362857,39,0.9456541825260772,0.6915276170107476
Effusion,llm.L10.ans,3584,0.5647106242884834,0.48449524630011387,0.6263204214088192,-0.06160979712033576,39,0.8665790161838627,0.6694042882373519
Effusion,llm.L10.vis,3584,0.5746198578505277,0.4920614750315375,0.6381829943627328,-0.06356313651220513,39,0.9489441264491386,0.6949215472692989
Effusion,llm.L11.ans,3584,0.5527663764191871,0.5217787145010923,0.6242086855144273,-0.07144230909524019,39,0.8668060842025743,0.6787320150278857
Effusion,llm.L11.vis,3584,0.5573800806129042,0.49638288052675306,0.6447643082085149,-0.08738422759561071,39,0.951872330534329,0.6993389038516779
Effusion,llm.L12.ans,3584,0.5714630319067106,0.4998901572259315,0.6286860831301405,-0.057223051223429966,39,0.8647441671267106,0.6812157115920059
Effusion,llm.L12.vis,3584,0.563557121319344,0.4967302544537091,0.6418394694002317,-0.07828234808088774,39,0.9498831972571694,0.6974015465867304
Effusion,llm.L13.ans,3584,0.5617682532845143,0.4960096612411926,0.6235150102011076,-0.06174675691659326,39,0.8727743556963129,0.6676634538540953
Effusion,llm.L13.vis,3584,0.5775025383834343,0.49656564413402665,0.6425177897363351,-0.06501525135290076,39,0.9461533544469304,0.6944716207876273
Effusion,llm.L14.ans,3584,0.5578256053659888,0.49630626749946155,0.6286794008715371,-0.07085379550554827,39,0.8655896795188425,0.6710329254037821
Effusion,llm.L14.vis,3584,0.5708221285498908,0.5113664194947848,0.6496352482032544,-0.07881311965336357,39,0.9500132202109424,0.6980080372454942
Effusion,llm.L15.ans,3584,0.5657192086397341,0.4884437401926095,0.6269287912931591,-0.06120958265342502,39,0.8691916785309586,0.6727114754005112
Effusion,llm.L15.vis,3584,0.5679729854466017,0.4772083935878896,0.6419553426079292,-0.0739823571613275,39,0.9481278147427142,0.6987777755657498
Effusion,llm.L16.ans,3584,0.5510947355465986,0.48570474754622933,0.6286961776059031,-0.07760144205930453,39,0.858484469884069,0.6797454872260127
Effusion,llm.L16.vis,3584,0.561391034122027,0.4958921263961109,0.6402789487527635,-0.07888791463073652,39,0.9511128221518436,0.7046047785491436
Effusion,llm.L17.ans,3584,0.5449247715454909,0.5085951201501492,0.6310733555601368,-0.08614858401464587,39,0.8670799314292357,0.6797828862982881
Effusion,llm.L17.vis,3584,0.5643226362265776,0.5048198516968709,0.6474451734899161,-0.08312253726333851,39,0.9516377081093645,0.706533461504552
Effusion,llm.L18.ans,3584,0.5515051844558629,0.49816651795329375,0.6261405691293871,-0.07463538467352415,39,0.8676982305256123,0.6768663274679834
Effusion,llm.L18.vis,3584,0.5554853696809329,0.5043487892680225,0.6462382438455687,-0.09075287416463584,39,0.9506235290699364,0.707467442898869
Effusion,llm.L19.ans,3584,0.5537743454047568,0.5012688840343373,0.6249268150507212,-0.07115246964596444,39,0.860444983583694,0.6757002727430441
Effusion,llm.L19.vis,3584,0.5643174056182886,0.5187794221716255,0.6443406245779159,-0.08002321895962727,39,0.9498518174158119,0.7018435040797695
Effusion,llm.L20.ans,3584,0.5611670410141227,0.5038595735515831,0.6287941366735148,-0.06762709565939207,39,0.8707961181974023,0.6704754943645428
Effusion,llm.L20.vis,3584,0.5600467677917602,0.528477277622227,0.649477575335357,-0.08943080754359678,39,0.9525767789173955,0.7123904690668433
Effusion,llm.L21.ans,3584,0.5668533275899204,0.5073173133134365,0.6209886899218744,-0.05413536233195404,39,0.8659107417845833,0.6697814073996127
Effusion,llm.L21.vis,3584,0.5685677363773423,0.5112153472200855,0.6522734607701659,-0.08370572439282364,39,0.9499564168870035,0.6991812020602196
Effusion,llm.L22.ans,3584,0.5673736192732531,0.5017171779329866,0.6215288154630307,-0.0541551961897776,39,0.8710860911758723,0.6781029142836016
Effusion,llm.L22.vis,3584,0.5772203932186701,0.5171379342174087,0.6401956337837934,-0.06297524056512327,39,0.9486837899875061,0.7060560900763054
Effusion,llm.L23.ans,3584,0.5526873019291714,0.49950770745515527,0.624797150798672,-0.07210984886950067,39,0.8688709068193043,0.6780731941082951
Effusion,llm.L23.vis,3584,0.5845995507830529,0.5030885203532199,0.6457396336131824,-0.061140082830129505,39,0.9485851468750907,0.7118082949151482
Effusion,llm.L24.ans,3584,0.5586378880649826,0.4871597796990862,0.6200393826730456,-0.06140149460806299,39,0.8645670744109015,0.6663058533103157
Effusion,llm.L24.vis,3584,0.5672831605181379,0.5093150979969847,0.6385250691329414,-0.0712419086148035,39,0.9490185082953193,0.7019347976326245
Effusion,llm.L25.ans,3584,0.5654718316359497,0.49882280545214,0.6268154772483312,-0.06134364561238148,39,0.8589493564226981,0.6714433197862422
Effusion,llm.L25.vis,3584,0.5699870773206978,0.5056487492692533,0.6469614917076014,-0.07697441438690367,39,0.9484889734724119,0.7056912002684769
Effusion,llm.L26.ans,3584,0.572023937724993,0.504837389618781,0.6232980500600693,-0.05127411233507628,39,0.8601494900775779,0.6803956338360639
Effusion,llm.L26.vis,3584,0.5814701086120426,0.49857727454539863,0.6535959792707808,-0.07212587065873821,39,0.9505793648487666,0.7138825925093782
Effusion,llm.L27.ans,3584,0.5621950093843266,0.509956309036645,0.6257312452459995,-0.0635362358616729,39,0.8688573960542755,0.6751550710582374
Effusion,llm.L27.vis,3584,0.5797095473985416,0.49867419464016494,0.6584182951710018,-0.07870874777246017,39,0.9536021442891595,0.7121973590282498
Cardiomegaly,vis.block0,1024,0.5,0.5,0.5,0.0,39,0.5,0.5
Cardiomegaly,vis.block12,1024,0.5,0.5,0.5,0.0,39,0.5,0.5
Cardiomegaly,vis.block16,1024,0.5,0.5,0.5,0.0,39,0.5,0.5
Cardiomegaly,vis.block20,1024,0.5,0.5,0.5,0.0,39,0.5,0.5
Cardiomegaly,vis.block4,1024,0.5,0.5,0.5,0.0,39,0.5,0.5
Cardiomegaly,vis.block8,1024,0.5,0.5,0.5,0.0,39,0.5,0.5
Cardiomegaly,vis.last,1024,0.5,0.5,0.5,0.0,39,0.5,0.5
Cardiomegaly,connector,3584,0.5517208174832724,0.49385491739121984,0.5160332300806021,0.03568758740267031,39,0.9196538048057644,0.5905565209477466
Cardiomegaly,llm.L0.ans,3584,0.5462860060673415,0.5011016270864216,0.5082881168230903,0.03799788924425118,39,0.8492863991632043,0.6218683609536622
Cardiomegaly,llm.L0.vis,3584,0.6068958145238091,0.4653168569262926,0.5192097285387615,0.08768608598504768,39,0.940102565592585,0.6531120862994257
Cardiomegaly,llm.L1.ans,3584,0.5936868905493293,0.5009090411162213,0.510460710289208,0.0832261802601213,39,0.8686384635499899,0.6798996339725778
Cardiomegaly,llm.L1.vis,3584,0.6185057448924964,0.48560464043845997,0.5156647116607627,0.10284103323173377,39,0.9397870238544904,0.6699702513843344
Cardiomegaly,llm.L2.ans,3584,0.6010555124641993,0.5054233269314694,0.49901216791349934,0.10204334455069997,39,0.8645412150971904,0.6742141217759299
Cardiomegaly,llm.L2.vis,3584,0.6046695913820428,0.4958814871877324,0.5261390332393479,0.07853055814269494,39,0.937711160182468,0.6856761553184895
Cardiomegaly,llm.L3.ans,3584,0.5926285511351088,0.4708117410301759,0.5075457223482311,0.08508282878687767,39,0.8650739460150506,0.6791347305133769
Cardiomegaly,llm.L3.vis,3584,0.5972232283415874,0.4890968071366354,0.538864285598445,0.05835894274314235,39,0.9445878490280966,0.6850521738388513
Cardiomegaly,llm.L4.ans,3584,0.5765670579047707,0.509735309135819,0.5063928171777947,0.07017424072697598,39,0.8695773890809775,0.6625487396654846
Cardiomegaly,llm.L4.vis,3584,0.6144649732058144,0.4782033319139688,0.51904190423676,0.09542306896905439,39,0.9431840369584799,0.6838137383998886
Cardiomegaly,llm.L5.ans,3584,0.5738107816340124,0.502046005077909,0.5043036290593499,0.06950715257466256,39,0.8643879478164862,0.6741957777442813
Cardiomegaly,llm.L5.vis,3584,0.6175551829478374,0.4951261614789189,0.5355186596297266,0.08203652331811084,39,0.9467928639916322,0.6811493033534026
Cardiomegaly,llm.L6.ans,3584,0.5957028592832622,0.5188734250796404,0.5156175065507951,0.08008535273246709,39,0.8681841822355231,0.6626798497211424
Cardiomegaly,llm.L6.vis,3584,0.6278850350100091,0.49185838393868353,0.5262987486881033,0.1015862863219058,39,0.9470007554406251,0.6964861936276532
Cardiomegaly,llm.L7.ans,3584,0.5951666222010986,0.5226933412959092,0.5053673368440806,0.08979928535701798,39,0.8686117325740187,0.6686464948679371
Cardiomegaly,llm.L7.vis,3584,0.5928891605901966,0.5060443725142717,0.5235691059641774,0.0693200546260192,39,0.9472334892640264,0.6894780625289736
Cardiomegaly,llm.L8.ans,3584,0.5737197891802022,0.515493452960435,0.4955874806256328,0.07813230855456937,39,0.8649681843275125,0.6671023255681672
Cardiomegaly,llm.L8.vis,3584,0.6153280763841895,0.4968426501949712,0.5281876770915629,0.08714039929262662,39,0.9473072900020338,0.6938369741733099
Cardiomegaly,llm.L9.ans,3584,0.5718107144939494,0.5195642609910933,0.5054225060063434,0.06638820848760596,39,0.8655405758781997,0.6697842514355271
Cardiomegaly,llm.L9.vis,3584,0.6206065221270679,0.4919802961583516,0.5273297314579486,0.09327679066911931,39,0.9456541825260772,0.6915276170107476
Cardiomegaly,llm.L10.ans,3584,0.5551290591026907,0.4976545149042106,0.5037445525882301,0.05138450651446058,39,0.8665790161838627,0.6694042882373519
Cardiomegaly,llm.L10.vis,3584,0.6061263540648891,0.4680298455248497,0.5306185954539452,0.07550775861094394,39,0.9489441264491386,0.6949215472692989
Cardiomegaly,llm.L11.ans,3584,0.6078976149376039,0.5131302994270126,0.5156327106506313,0.09226490428697254,39,0.8668060842025743,0.6787320150278857
Cardiomegaly,llm.L11.vis,3584,0.6205208302045475,0.4670536643456229,0.5218584275311786,0.0986624026733689,39,0.951872330534329,0.6993389038516779
Cardiomegaly,llm.L12.ans,3584,0.58232166804186,0.49381958051595376,0.5058447455789374,0.07647692246292259,39,0.8647441671267106,0.6812157115920059
Cardiomegaly,llm.L12.vis,3584,0.5996146513752229,0.4442790482366016,0.531398493375067,0.0682161580001559,39,0.9498831972571694,0.6974015465867304
Cardiomegaly,llm.L13.ans,3584,0.5960288419575923,0.4959671791102528,0.514692228475049,0.08133661348254329,39,0.8727743556963129,0.6676634538540953
Cardiomegaly,llm.L13.vis,3584,0.5903802424463012,0.49125942390292254,0.5296436506520676,0.06073659179423352,39,0.9461533544469304,0.6944716207876273
Cardiomegaly,llm.L14.ans,3584,0.5875824453471052,0.5242154771979978,0.5012736691634212,0.08630877618368404,39,0.8655896795188425,0.6710329254037821
Cardiomegaly,llm.L14.vis,3584,0.6355186834893751,0.47878904062150496,0.5308114703204387,0.10470721316893639,39,0.9500132202109424,0.6980080372454942
Cardiomegaly,llm.L15.ans,3584,0.5540565849383636,0.47964065931541877,0.5087969473642753,0.04525963757408835,39,0.8691916785309586,0.6727114754005112
Cardiomegaly,llm.L15.vis,3584,0.5962417466310707,0.49223913876967595,0.524677412441761,0.07156433418930963,39,0.9481278147427142,0.6987777755657498
Cardiomegaly,llm.L16.ans,3584,0.5539841443440681,0.49054120191313844,0.5127828831375238,0.041201261206544215,39,0.858484469884069,0.6797454872260127
Cardiomegaly,llm.L16.vis,3584,0.6034990573888522,0.5017721442945964,0.527601233240738,0.07589782414811419,39,0.9511128221518436,0.7046047785491436
Cardiomegaly,llm.L17.ans,3584,0.5632441725075578,0.4718259093503139,0.499175068983173,0.06406910352438477,39,0.8670799314292357,0.6797828862982881
Cardiomegaly,llm.L17.vis,3584,0.623085403926987,0.48224763728817754,0.5234290834447336,0.09965632048225337,39,0.9516377081093645,0.706533461504552
Cardiomegaly,llm.L18.ans,3584,0.6072942377924346,0.506535555080471,0.49694006630725146,0.11035417148518317,39,0.8676982305256123,0.6768663274679834
Cardiomegaly,llm.L18.vis,3584,0.6334134891453953,0.5245829807007656,0.5394675263595652,0.09394596278583012,39,0.9506235290699364,0.707467442898869
Cardiomegaly,llm.L19.ans,3584,0.5969555515114465,0.5174025276466878,0.5098877329268094,0.08706781858463708,39,0.860444983583694,0.6757002727430441
Cardiomegaly,llm.L19.vis,3584,0.60606274768941,0.5196932405858148,0.5388599415699203,0.0672028061194897,39,0.9498518174158119,0.7018435040797695
Cardiomegaly,llm.L20.ans,3584,0.5995819647656017,0.5147549122673729,0.5155639301989913,0.08401803456661039,39,0.8707961181974023,0.6704754943645428
Cardiomegaly,llm.L20.vis,3584,0.644296363305482,0.49424362301914726,0.5342419496463382,0.11005441365914381,39,0.9525767789173955,0.7123904690668433
Cardiomegaly,llm.L21.ans,3584,0.5758002477114956,0.5239283650864605,0.5039354002414121,0.07186484747008348,39,0.8659107417845833,0.6697814073996127
Cardiomegaly,llm.L21.vis,3584,0.6064973912551834,0.514925412690532,0.5223802901579373,0.08411710109724613,39,0.9499564168870035,0.6991812020602196
Cardiomegaly,llm.L22.ans,3584,0.5846406504811998,0.495227754995309,0.5086550424324706,0.07598560804872923,39,0.8710860911758723,0.6781029142836016
Cardiomegaly,llm.L22.vis,3584,0.6202098657022055,0.4842176680842643,0.5188746591385618,0.1013352065636437,39,0.9486837899875061,0.7060560900763054
Cardiomegaly,llm.L23.ans,3584,0.5970138573556355,0.47360865470749025,0.5105946511687174,0.08641920618691812,39,0.8688709068193043,0.6780731941082951
Cardiomegaly,llm.L23.vis,3584,0.5890665941082828,0.4686703263890484,0.5229134472588601,0.06615314684942264,39,0.9485851468750907,0.7118082949151482
Cardiomegaly,llm.L24.ans,3584,0.6204068687818142,0.5098634053086588,0.4996404592391116,0.12076640954270257,39,0.8645670744109015,0.6663058533103157
Cardiomegaly,llm.L24.vis,3584,0.6187751885664006,0.49574190653043126,0.5207582299068408,0.09801695865955973,39,0.9490185082953193,0.7019347976326245
Cardiomegaly,llm.L25.ans,3584,0.605408132075105,0.5206985746871362,0.5078059296568566,0.09760220241824846,39,0.8589493564226981,0.6714433197862422
Cardiomegaly,llm.L25.vis,3584,0.5955950818137005,0.47709905456190227,0.5351300138777231,0.06046506793597739,39,0.9484889734724119,0.7056912002684769
Cardiomegaly,llm.L26.ans,3584,0.5848588556859683,0.4935121497011383,0.48901091104124617,0.09584794464472213,39,0.8601494900775779,0.6803956338360639
Cardiomegaly,llm.L26.vis,3584,0.6049628874467516,0.4817034494090791,0.5316621759065119,0.07330071154023976,39,0.9505793648487666,0.7138825925093782
Cardiomegaly,llm.L27.ans,3584,0.5874596497055555,0.47975903784756024,0.5094630317380516,0.0779966179675039,39,0.8688573960542755,0.6751550710582374
Cardiomegaly,llm.L27.vis,3584,0.6264521247179676,0.4721333401651292,0.5288961881439298,0.09755593657403783,39,0.9536021442891595,0.7121973590282498
Pneumothorax,vis.block0,1024,0.5,0.5,0.5,0.0,39,0.5,0.5
Pneumothorax,vis.block12,1024,0.5,0.5,0.5,0.0,39,0.5,0.5
Pneumothorax,vis.block16,1024,0.5,0.5,0.5,0.0,39,0.5,0.5
Pneumothorax,vis.block20,1024,0.5,0.5,0.5,0.0,39,0.5,0.5
Pneumothorax,vis.block4,1024,0.5,0.5,0.5,0.0,39,0.5,0.5
Pneumothorax,vis.block8,1024,0.5,0.5,0.5,0.0,39,0.5,0.5
Pneumothorax,vis.last,1024,0.5,0.5,0.5,0.0,39,0.5,0.5
Pneumothorax,connector,3584,0.5516462853385931,0.506948060486522,0.6078064487872096,-0.05616016344861652,39,0.9196538048057644,0.5905565209477466
Pneumothorax,llm.L0.ans,3584,0.5409642778873548,0.4883344291036599,0.5822848424919409,-0.04132056460458611,39,0.8492863991632043,0.6218683609536622
Pneumothorax,llm.L0.vis,3584,0.5764032434801665,0.5019675651983344,0.620181841357117,-0.04377859787695049,39,0.940102565592585,0.6531120862994257
Pneumothorax,llm.L1.ans,3584,0.5357799693184309,0.4957514792899408,0.5983795769875,-0.06259960766906913,39,0.8686384635499899,0.6798996339725778
Pneumothorax,llm.L1.vis,3584,0.5796169186938418,0.5105167652859961,0.620149133047297,-0.04053221435345522,39,0.9397870238544904,0.6699702513843344
Pneumothorax,llm.L2.ans,3584,0.5638110891957046,0.4886785009861933,0.5915104107882956,-0.02769932159259103,39,0.8645412150971904,0.6742141217759299
Pneumothorax,llm.L2.vis,3584,0.5634188034188035,0.5320521586675433,0.621567101448543,-0.05814829802973953,39,0.937711160182468,0.6856761553184895
Pneumothorax,llm.L3.ans,3584,0.5581753232522463,0.5184518956826649,0.590578434526948,-0.032403111274701746,39,0.8650739460150506,0.6791347305133769
Pneumothorax,llm.L3.vis,3584,0.5926763094455402,0.5157229892614508,0.6300162334289595,-0.03733992398341934,39,0.9445878490280966,0.6850521738388513
Pneumothorax,llm.L4.ans,3584,0.5460727591496822,0.49231558185404345,0.5874698816829533,-0.0413971225332711,39,0.8695773890809775,0.6625487396654846
Pneumothorax,llm.L4.vis,3584,0.5555261889108043,0.526600043830813,0.6246261005012654,-0.06909991159046114,39,0.9431840369584799,0.6838137383998886
Pneumothorax,llm.L5.ans,3584,0.5581060705676091,0.48603068156914314,0.5826829573702631,-0.02457688680265402,39,0.8643879478164862,0.6741957777442813
Pneumothorax,llm.L5.vis,3584,0.55731667762437,0.5248292789831251,0.6180976341644332,-0.06078095654006321,39,0.9467928639916322,0.6811493033534026
Pneumothorax,llm.L6.ans,3584,0.5565662941047557,0.4721902257286873,0.5886215510982411,-0.03205525699348544,39,0.8681841822355231,0.6626798497211424
Pneumothorax,llm.L6.vis,3584,0.5654538680692527,0.5031926364234056,0.6333293184935872,-0.06787545042433452,39,0.9470007554406251,0.6964861936276532
Pneumothorax,llm.L7.ans,3584,0.5678049528818759,0.49231470523778215,0.6010150525607096,-0.033210099678833704,39,0.8686117325740187,0.6686464948679371
Pneumothorax,llm.L7.vis,3584,0.5652408503177734,0.5351365329826869,0.6305604828588803,-0.06531963254110695,39,0.9472334892640264,0.6894780625289736
Pneumothorax,llm.L8.ans,3584,0.5456147271531887,0.5080407626561473,0.5833797987863392,-0.03776507163315046,39,0.8649681843275125,0.6671023255681672
Pneumothorax,llm.L8.vis,3584,0.5783642340565418,0.4855099715099715,0.6322031980585021,-0.05383896400196031,39,0.9473072900020338,0.6938369741733099
Pneumothorax,llm.L9.ans,3584,0.5544724961648038,0.5004291036598729,0.5743530071711215,-0.019880511006317714,39,0.8655405758781997,0.6697842514355271
Pneumothorax,llm.L9.vis,3584,0.5623339907955293,0.4897821608590839,0.6291300207255572,-0.06679602993002798,39,0.9456541825260772,0.6915276170107476
Pneumothorax,llm.L10.ans,3584,0.5303090072320842,0.498284023668639,0.5853139408150855,-0.05500493358300129,39,0.8665790161838627,0.6694042882373519
Pneumothorax,llm.L10.vis,3584,0.5365426254657023,0.4941626123164584,0.6255015040207357,-0.08895887855503337,39,0.9489441264491386,0.6949215472692989
Pneumothorax,llm.L11.ans,3584,0.5843497698882314,0.49494017094017095,0.5868544600938967,-0.0025046902056653497,39,0.8668060842025743,0.6787320150278857
Pneumothorax,llm.L11.vis,3584,0.5691536269997808,0.4829555117247425,0.6372881470138857,-0.06813452001410492,39,0.951872330534329,0.6993389038516779
Pneumothorax,llm.L12.ans,3584,0.5349305281612975,0.5088240192855578,0.5922332223216106,-0.057302694160313083,39,0.8647441671267106,0.6812157115920059
Pneumothorax,llm.L12.vis,3584,0.5752478632478633,0.5083111987727372,0.630743677469674,-0.05549581422181071,39,0.9498831972571694,0.6974015465867304
Pneumothorax,llm.L13.ans,3584,0.5536791584483892,0.48809292132369053,0.5836095992291508,-0.02993044078076157,39,0.8727743556963129,0.6676634538540953
Pneumothorax,llm.L13.vis,3584,0.5650203813280735,0.5308358536050843,0.6291106484218872,-0.06409026709381371,39,0.9461533544469304,0.6944716207876273
Pneumothorax,llm.L14.ans,3584,0.5665548980933596,0.511609905763752,0.5840635849542898,-0.01750868686093021,39,0.8655896795188425,0.6710329254037821
Pneumothorax,llm.L14.vis,3584,0.5619509094893711,0.5094578128424282,0.637060873393292,-0.07510996390392088,39,0.9500132202109424,0.6980080372454942
Pneumothorax,llm.L15.ans,3584,0.5629471838702608,0.5229392943239097,0.5866927434719548,-0.023745559601694,39,0.8691916785309586,0.6727114754005112
Pneumothorax,llm.L15.vis,3584,0.5800828402366863,0.4895936883629191,0.6326632200811615,-0.05258037984447517,39,0.9481278147427142,0.6987777755657498
Pneumothorax,llm.L16.ans,3584,0.5433499890422967,0.5073508656585579,0.5829757879895087,-0.039625798947211965,39,0.858484469884069,0.6797454872260127
Pneumothorax,llm.L16.vis,3584,0.5516370808678501,0.4976655708963401,0.6344265208521792,-0.08278943998432908,39,0.9511128221518436,0.7046047785491436
Pneumothorax,llm.L17.ans,3584,0.5339688801227263,0.5088915187376726,0.5868446335630496,-0.05287575344032336,39,0.8670799314292357,0.6797828862982881
Pneumothorax,llm.L17.vis,3584,0.5800968660968661,0.4951987727372342,0.6388311931149149,-0.058734327018048815,39,0.9516377081093645,0.706533461504552
Pneumothorax,llm.L18.ans,3584,0.5626101249178171,0.5182862152092922,0.5909782339534155,-0.028368109035598388,39,0.8676982305256123,0.6768663274679834
Pneumothorax,llm.L18.vis,3584,0.5570624589086127,0.4987762436993206,0.627503027975291,-0.07044056906667828,39,0.9506235290699364,0.707467442898869
Pneumothorax,llm.L19.ans,3584,0.533390751698444,0.49798334429103663,0.5781927942891572,-0.04480204259071319,39,0.860444983583694,0.6757002727430441
Pneumothorax,llm.L19.vis,3584,0.571833442910366,0.5138031996493535,0.6325558301369032,-0.06072238722653722,39,0.9498518174158119,0.7018435040797695
Pneumothorax,llm.L20.ans,3584,0.5434095989480605,0.4942550953320184,0.5867823052816761,-0.04337270633361556,39,0.8707961181974023,0.6704754943645428
Pneumothorax,llm.L20.vis,3584,0.575740959894806,0.5230054788516327,0.6338572839581041,-0.05811632406329814,39,0.9525767789173955,0.7123904690668433
Pneumothorax,llm.L21.ans,3584,0.5467714223098838,0.49988209511286436,0.5880277478770481,-0.0412563255671643,39,0.8659107417845833,0.6697814073996127
Pneumothorax,llm.L21.vis,3584,0.5665058075827307,0.4923804514573745,0.6451587770854285,-0.07865296950269773,39,0.9499564168870035,0.6991812020602196
Pneumothorax,llm.L22.ans,3584,0.550878369493754,0.5072312075388998,0.586901487062951,-0.03602311756919696,39,0.8710860911758723,0.6781029142836016
Pneumothorax,llm.L22.vis,3584,0.5590330922638616,0.5121297392066623,0.6337644934311045,-0.07473140116724297,39,0.9486837899875061,0.7060560900763054
Pneumothorax,llm.L23.ans,3584,0.541852728468113,0.4914012710935788,0.5955356385813184,-0.05368291011320536,39,0.8688709068193043,0.6780731941082951
Pneumothorax,llm.L23.vis,3584,0.5883467017313171,0.4993087880780189,0.6278538351265349,-0.03950713339521783,39,0.9485851468750907,0.7118082949151482
Pneumothorax,llm.L24.ans,3584,0.5313740959894806,0.48668025421871575,0.58268141320113,-0.051307317211649384,39,0.8645670744109015,0.6663058533103157
Pneumothorax,llm.L24.vis,3584,0.5715625684856455,0.5107635327635327,0.6385213766352049,-0.06695880814955946,39,0.9490185082953193,0.7019347976326245
Pneumothorax,llm.L25.ans,3584,0.5338075827306596,0.5156559281174666,0.5797702332481514,-0.04596265051749171,39,0.8589493564226981,0.6714433197862422
Pneumothorax,llm.L25.vis,3584,0.5702327416173569,0.5079767696690773,0.6324765159950654,-0.06224377437770845,39,0.9484889734724119,0.7056912002684769
Pneumothorax,llm.L26.ans,3584,0.549612097304405,0.5157133464825773,0.585720618813146,-0.036108521508741,39,0.8601494900775779,0.6803956338360639
Pneumothorax,llm.L26.vis,3584,0.5679745781284242,0.4988494411571335,0.6448147081267656,-0.07684012999834133,39,0.9505793648487666,0.7138825925093782
Pneumothorax,llm.L27.ans,3584,0.5450466798159106,0.5028945868945869,0.5773262346474494,-0.03227955483153877,39,0.8688573960542755,0.6751550710582374
Pneumothorax,llm.L27.vis,3584,0.5695143545912776,0.5085632259478412,0.6420987953796213,-0.0725844407883437,39,0.9536021442891595,0.7121973590282498
Edema,vis.block0,1024,0.5,0.5,0.5,0.0,39,0.5,0.5
Edema,vis.block12,1024,0.5,0.5,0.5,0.0,39,0.5,0.5
Edema,vis.block16,1024,0.5,0.5,0.5,0.0,39,0.5,0.5
Edema,vis.block20,1024,0.5,0.5,0.5,0.0,39,0.5,0.5
Edema,vis.block4,1024,0.5,0.5,0.5,0.0,39,0.5,0.5
Edema,vis.block8,1024,0.5,0.5,0.5,0.0,39,0.5,0.5
Edema,vis.last,1024,0.5,0.5,0.5,0.0,39,0.5,0.5
Edema,connector,3584,0.6663266100939466,0.5273671615697848,0.5132500986072756,0.153076511486671,39,0.9196538048057644,0.5905565209477466
Edema,llm.L0.ans,3584,0.6471240517722608,0.469665367023095,0.4984304132590973,0.14869363851316353,39,0.8492863991632043,0.6218683609536622
Edema,llm.L0.vis,3584,0.7088264694554912,0.5277317397193289,0.5335118963685891,0.17531457308690213,39,0.940102565592585,0.6531120862994257
Edema,llm.L1.ans,3584,0.6608395466681667,0.45734219283479527,0.5051048713255649,0.15573467534260177,39,0.8686384635499899,0.6798996339725778
Edema,llm.L1.vis,3584,0.6992792820082306,0.5492418505424317,0.5184556096256399,0.18082367238259078,39,0.9397870238544904,0.6699702513843344
Edema,llm.L2.ans,3584,0.6436881461255187,0.47659667920151977,0.5202389505887142,0.12344919553680456,39,0.8645412150971904,0.6742141217759299
Edema,llm.L2.vis,3584,0.6789743345637396,0.5156822696017551,0.5128551088380432,0.16611922572569637,39,0.937711160182468,0.6856761553184895
Edema,llm.L3.ans,3584,0.6332397907299785,0.49852221438493394,0.5164736524443251,0.11676613828565341,39,0.8650739460150506,0.6791347305133769
Edema,llm.L3.vis,3584,0.7068088485388747,0.5208988744596237,0.5362706574182807,0.17053819112059398,39,0.9445878490280966,0.6850521738388513
Edema,llm.L4.ans,3584,0.6340024838914877,0.5136819580334849,0.5146206486298284,0.11938183526165935,39,0.8695773890809775,0.6625487396654846
Edema,llm.L4.vis,3584,0.7208532210533605,0.4892065394718052,0.5326329109736793,0.1882203100796812,39,0.9431840369584799,0.6838137383998886
Edema,llm.L5.ans,3584,0.6323407864502422,0.5286934903868208,0.5099278674112696,0.12241291903897256,39,0.8643879478164862,0.6741957777442813
Edema,llm.L5.vis,3584,0.6869106707805217,0.4693289165646136,0.5283613306978255,0.15854934008269617,39,0.9467928639916322,0.6811493033534026
Edema,llm.L6.ans,3584,0.6479343456417225,0.5095828879782248,0.5064954651866558,0.1414388804550667,39,0.8681841822355231,0.6626798497211424
Edema,llm.L6.vis,3584,0.7199617896135254,0.5127234528688082,0.5267739427856338,0.19318784682789159,39,0.9470007554406251,0.6964861936276532
Edema,llm.L7.ans,3584,0.6359898134484983,0.5198278585306959,0.5125770180991657,0.12341279534933258,39,0.8686117325740187,0.6686464948679371
Edema,llm.L7.vis,3584,0.6941308327094755,0.5206046155377366,0.5297844432340271,0.16434638947544844,39,0.9472334892640264,0.6894780625289736
Edema,llm.L8.ans,3584,0.6406990380329657,0.5064012133853191,0.5274189899531311,0.1132800480798346,39,0.8649681843275125,0.6671023255681672
Edema,llm.L8.vis,3584,0.7078484912739248,0.5114209244057484,0.5272610220787788,0.180587469195146,39,0.9473072900020338,0.6938369741733099
Edema,llm.L9.ans,3584,0.6544177784316865,0.5125730779050496,0.5071280375175804,0.14728974091410607,39,0.8655405758781997,0.6697842514355271
Edema,llm.L9.vis,3584,0.696672061413568,0.5135759382748637,0.5298126167413428,0.16685944467222513,39,0.9456541825260772,0.6915276170107476
Edema,llm.L10.ans,3584,0.6593412062019396,0.48639268853125855,0.5008070798762384,0.15853412632570119,39,0.8665790161838627,0.6694042882373519
Edema,llm.L10.vis,3584,0.6988898216704387,0.5035689712621544,0.5269410214956853,0.17194880017475334,39,0.9489441264491386,0.6949215472692989
Edema,llm.L11.ans,3584,0.6425965753454297,0.5158737542678362,0.5229478122921153,0.1196487630533144,39,0.8668060842025743,0.6787320150278857
Edema,llm.L11.vis,3584,0.697310343633838,0.5734511378732869,0.5257151235106938,0.1715952201231442,39,0.951872330534329,0.6993389038516779
Edema,llm.L12.ans,3584,0.6336498059189316,0.5022372332737604,0.5207874228978008,0.11286238302113083,39,0.8647441671267106,0.6812157115920059
Edema,llm.L12.vis,3584,0.705852507042741,0.5165661282016886,0.532116396672891,0.17373611036985004,39,0.9498831972571694,0.6974015465867304
Edema,llm.L13.ans,3584,0.6473122909355269,0.4633485367109642,0.5202571722601124,0.12705511867541452,39,0.8727743556963129,0.6676634538540953
Edema,llm.L13.vis,3584,0.6981725655483386,0.5198592317245736,0.5276827836882961,0.1704897818600425,39,0.9461533544469304,0.6944716207876273
Edema,llm.L14.ans,3584,0.6459567525931568,0.45902119962438714,0.5187355225316573,0.12722123006149944,39,0.8655896795188425,0.6710329254037821
Edema,llm.L14.vis,3584,0.7134394107897823,0.4860248648788995,0.5322590863766095,0.1811803244131729,39,0.9500132202109424,0.6980080372454942
Edema,llm.L15.ans,3584,0.6677914136977527,0.5049191004331665,0.5177809872837964,0.15001042641395634,39,0.8691916785309586,0.6727114754005112
Edema,llm.L15.vis,3584,0.7095794261085555,0.5064650416073461,0.5351369891239048,0.17444243698465067,39,0.9481278147427142,0.6987777755657498
Edema,llm.L16.ans,3584,0.6562839425502727,0.4834111532786069,0.5221361069146758,0.13414783563559685,39,0.858484469884069,0.6797454872260127
Edema,llm.L16.vis,3584,0.706996005867869,0.4812258480498855,0.5413624932404607,0.16563351262740833,39,0.9511128221518436,0.7046047785491436
Edema,llm.L17.ans,3584,0.6666922700777622,0.48784667379234836,0.5255722936402722,0.14111997643748997,39,0.8670799314292357,0.6797828862982881
Edema,llm.L17.vis,3584,0.7295176317349593,0.49763943761927226,0.5300017016237751,0.19951593011118418,39,0.9516377081093645,0.706533461504552
Edema,llm.L18.ans,3584,0.6654773701907059,0.511808221074997,0.5184375281209448,0.14703984206976106,39,0.8676982305256123,0.6768663274679834
Edema,llm.L18.vis,3584,0.7063295959565361,0.5136538303424222,0.5439951042573954,0.16233449169914071,39,0.9506235290699364,0.707467442898869
Edema,llm.L19.ans,3584,0.6457955592866818,0.49990155308128037,0.5070593558330794,0.13873620345360238,39,0.860444983583694,0.6757002727430441
Edema,llm.L19.vis,3584,0.7026838144610952,0.4844778418704482,0.5336503810712157,0.16903343338987953,39,0.9498518174158119,0.7018435040797695
Edema,llm.L20.ans,3584,0.6765023432530324,0.4915790020295211,0.5102547361628132,0.16624760709021913,39,0.8707961181974023,0.6704754943645428
Edema,llm.L20.vis,3584,0.6978079873987943,0.5206868349423814,0.5323344960628574,0.16547349133593692,39,0.9525767789173955,0.7123904690668433
Edema,llm.L21.ans,3584,0.6699951101090922,0.4708954125899545,0.5103766811944783,0.15961842891461386,39,0.8659107417845833,0.6697814073996127
Edema,llm.L21.vis,3584,0.6916804780842014,0.49822795546304677,0.5334978796982828,0.15818259838591864,39,0.9499564168870035,0.6991812020602196
Edema,llm.L22.ans,3584,0.6532407427441376,0.4657621089710025,0.5239742530586478,0.12926648968548982,39,0.8710860911758723,0.6781029142836016
Edema,llm.L22.vis,3584,0.7298172998282048,0.49404233866605507,0.5371186659718137,0.19269863385639108,39,0.9486837899875061,0.7060560900763054
Edema,llm.L23.ans,3584,0.6689414035285106,0.49663441358091476,0.5169548447359413,0.15198655879256928,39,0.8688709068193043,0.6780731941082951
Edema,llm.L23.vis,3584,0.7025128846461752,0.4974566076273643,0.5344898394558617,0.16802304519031352,39,0.9485851468750907,0.7118082949151482
Edema,llm.L24.ans,3584,0.6806414411763434,0.5147497284595979,0.5137903010808815,0.16685114009546187,39,0.8645670744109015,0.6663058533103157
Edema,llm.L24.vis,3584,0.708449991128959,0.4962536079172959,0.5259098150612486,0.18254017606771045,39,0.9490185082953193,0.7019347976326245
Edema,llm.L25.ans,3584,0.6487262483285661,0.5269928469117959,0.5138903801068687,0.13483586822169735,39,0.8589493564226981,0.6714433197862422
Edema,llm.L25.vis,3584,0.7112605965666907,0.477498928984071,0.5292906359391352,0.18196996062755555,39,0.9484889734724119,0.7056912002684769
Edema,llm.L26.ans,3584,0.6535479836772845,0.47484843501854257,0.5224999796758281,0.13104800400145644,39,0.8601494900775779,0.6803956338360639
Edema,llm.L26.vis,3584,0.6992922640194904,0.4757550121381805,0.5346622445006295,0.16463001951886092,39,0.9505793648487666,0.7138825925093782
Edema,llm.L27.ans,3584,0.6692821813240786,0.5005928451808611,0.5218281606680457,0.14745402065603286,39,0.8688573960542755,0.6751550710582374
Edema,llm.L27.vis,3584,0.7252065221624568,0.492148046856406,0.5420577200876546,0.18314880207480222,39,0.9536021442891595,0.7121973590282498
Atelectasis,vis.block0,1024,0.5,0.5,0.5,0.0,39,0.5,0.5
Atelectasis,vis.block12,1024,0.5,0.5,0.5,0.0,39,0.5,0.5
Atelectasis,vis.block16,1024,0.5,0.5,0.5,0.0,39,0.5,0.5
Atelectasis,vis.block20,1024,0.5,0.5,0.5,0.0,39,0.5,0.5
Atelectasis,vis.block4,1024,0.5,0.5,0.5,0.0,39,0.5,0.5
Atelectasis,vis.block8,1024,0.5,0.5,0.5,0.0,39,0.5,0.5
Atelectasis,vis.last,1024,0.5,0.5,0.5,0.0,39,0.5,0.5
Atelectasis,connector,3584,0.5300144741913044,0.5027475225562357,0.5745573380867499,-0.044542863895445484,39,0.9196538048057644,0.5905565209477466
Atelectasis,llm.L0.ans,3584,0.530540408189805,0.5048184088413806,0.5652261747913921,-0.034685766601587176,39,0.8492863991632043,0.6218683609536622
Atelectasis,llm.L0.vis,3584,0.5670493036877693,0.5087295561360886,0.5809720392329087,-0.013922735545139453,39,0.940102565592585,0.6531120862994257
Atelectasis,llm.L1.ans,3584,0.5569688456070457,0.4780242220884151,0.567044356609574,-0.010075511002528237,39,0.8686384635499899,0.6798996339725778
Atelectasis,llm.L1.vis,3584,0.5716960135354346,0.5024390062184161,0.5999223264184901,-0.028226312883055438,39,0.9397870238544904,0.6699702513843344
Atelectasis,llm.L2.ans,3584,0.5549318250011345,0.4931374587600691,0.5710682270273063,-0.016136402026171837,39,0.8645412150971904,0.6742141217759299
Atelectasis,llm.L2.vis,3584,0.5725545085040107,0.47452996130507497,0.5950218295486838,-0.022467321044673083,39,0.937711160182468,0.6856761553184895
Atelectasis,llm.L3.ans,3584,0.5624459419095231,0.49504138724659164,0.5832433456474377,-0.02079740373791461,39,0.8650739460150506,0.6791347305133769
Atelectasis,llm.L3.vis,3584,0.5706201009061778,0.48097392274967643,0.5821660767952328,-0.011545975889055038,39,0.9445878490280966,0.6850521738388513
Atelectasis,llm.L4.ans,3584,0.5591728240115793,0.5022358121430134,0.578513868437142,-0.019341044425562726,39,0.8695773890809775,0.6625487396654846
Atelectasis,llm.L4.vis,3584,0.5930456150379871,0.49724265639678655,0.5921217287969206,0.0009238862410665405,39,0.9431840369584799,0.6838137383998886
Atelectasis,llm.L5.ans,3584,0.5404610202645451,0.4866545517843488,0.5737821522987763,-0.03332113203423115,39,0.8643879478164862,0.6741957777442813
Atelectasis,llm.L5.vis,3584,0.5688394434920663,0.4737534212802446,0.5918709688530661,-0.02303152536099984,39,0.9467928639916322,0.6811493033534026
Atelectasis,llm.L6.ans,3584,0.565543635589036,0.5098075007060995,0.5679988288683941,-0.00245519327935817,39,0.8681841822355231,0.6626798497211424
Atelectasis,llm.L6.vis,3584,0.5606043262727908,0.4946722513429435,0.5904146322560644,-0.02981030598327361,39,0.9470007554406251,0.6964861936276532
Atelectasis,llm.L7.ans,3584,0.5635882312700781,0.4955239731756728,0.5745578547624584,-0.010969623492380287,39,0.8686117325740187,0.6686464948679371
Atelectasis,llm.L7.vis,3584,0.5778070753531682,0.4823224540967651,0.590030569979419,-0.01222349462625083,39,0.9472334892640264,0.6894780625289736
Atelectasis,llm.L8.ans,3584,0.5540100012123913,0.5080315844870806,0.5703571090271857,-0.016347107814794426,39,0.8649681843275125,0.6671023255681672
Atelectasis,llm.L8.vis,3584,0.5801878326033022,0.4619634237118003,0.5768708396841389,0.0033169929191633196,39,0.9473072900020338,0.6938369741733099
Atelectasis,llm.L9.ans,3584,0.5566945336052522,0.5026736953755061,0.5729680436074298,-0.016273510002177582,39,0.8655405758781997,0.6697842514355271
Atelectasis,llm.L9.vis,3584,0.5850231742842997,0.48680051286184634,0.5977638275336485,-0.01274065324934881,39,0.9456541825260772,0.6915276170107476
Atelectasis,llm.L10.ans,3584,0.5646367126991556,0.5152412489391576,0.5788813970911157,-0.014244684391960138,39,0.8665790161838627,0.6694042882373519
Atelectasis,llm.L10.vis,3584,0.6003541672734267,0.48840777799828106,0.5868778148062035,0.01347635246722323,39,0.9489441264491386,0.6949215472692989
Atelectasis,llm.L11.ans,3584,0.5758154347574304,0.5036249823051826,0.5811931764361431,-0.005377741678712744,39,0.8668060842025743,0.6787320150278857
Atelectasis,llm.L11.vis,3584,0.5801048616891794,0.4746728744714414,0.5804565691010704,-0.0003517074118909447,39,0.951872330534329,0.6993389038516779
Atelectasis,llm.L12.ans,3584,0.5750744536957955,0.5014897512294935,0.5805256314207722,-0.005451177724976719,39,0.8647441671267106,0.6812157115920059
Atelectasis,llm.L12.vis,3584,0.5873375548031354,0.47718909443851043,0.5865516202089092,0.0007859345942262674,39,0.9498831972571694,0.6974015465867304
Atelectasis,llm.L13.ans,3584,0.5572340138754461,0.4948825572109852,0.5772392294642934,-0.02000521558884727,39,0.8727743556963129,0.6676634538540953
Atelectasis,llm.L13.vis,3584,0.5784952259551984,0.4727022305968285,0.5824125311081834,-0.00391730515298494,39,0.9461533544469304,0.6944716207876273
Atelectasis,llm.L14.ans,3584,0.5565577162611477,0.49194741879179443,0.5727968517226829,-0.016239135461535215,39,0.8655896795188425,0.6710329254037821
Atelectasis,llm.L14.vis,3584,0.5833112641990327,0.4925600489291333,0.6019702567017146,-0.01865899250268188,39,0.9500132202109424,0.6980080372454942
Atelectasis,llm.L15.ans,3584,0.5823962135461362,0.5008192107806648,0.5730991070121505,0.009297106533985744,39,0.8691916785309586,0.6727114754005112
Atelectasis,llm.L15.vis,3584,0.576053849139236,0.4841312200246407,0.6040912104850724,-0.028037361345836453,39,0.9481278147427142,0.6987777755657498
Atelectasis,llm.L16.ans,3584,0.5613331156899014,0.5169474018589548,0.5694651545290932,-0.00813203883919178,39,0.858484469884069,0.6797454872260127
Atelectasis,llm.L16.vis,3584,0.6006369456950287,0.49220445929717876,0.5985860308110947,0.002050914883933941,39,0.9511128221518436,0.7046047785491436
Atelectasis,llm.L17.ans,3584,0.5541105822797157,0.5046484031316271,0.5690128910589269,-0.014902308779211282,39,0.8670799314292357,0.6797828862982881
Atelectasis,llm.L17.vis,3584,0.5998102844649323,0.473550227204842,0.5956082564778217,0.004202027987110668,39,0.9516377081093645,0.706533461504552
Atelectasis,llm.L18.ans,3584,0.5637975211677428,0.4868353945114571,0.5716918546074556,-0.007894333439712797,39,0.8676982305256123,0.6768663274679834
Atelectasis,llm.L18.vis,3584,0.5876453938273704,0.4937372199392992,0.5920724723793778,-0.004427078552007413,39,0.9506235290699364,0.707467442898869
Atelectasis,llm.L19.ans,3584,0.5600164180812925,0.5014494510712053,0.5740752796507272,-0.0140588615694347,39,0.860444983583694,0.6757002727430441
Atelectasis,llm.L19.vis,3584,0.5817476857888095,0.4871713420494561,0.5927713623877306,-0.011023676598921117,39,0.9498518174158119,0.7018435040797695
Atelectasis,llm.L20.ans,3584,0.5552491464155549,0.49104760769455325,0.580858715027513,-0.025609568611958067,39,0.8707961181974023,0.6704754943645428
Atelectasis,llm.L20.vis,3584,0.5842232669407981,0.4926470837247642,0.60571787784064,-0.02149461089984195,39,0.9525767789173955,0.7123904690668433
Atelectasis,llm.L21.ans,3584,0.5616836254699711,0.5083997044203517,0.5708148837049093,-0.009131258234938211,39,0.8659107417845833,0.6697814073996127
Atelectasis,llm.L21.vis,3584,0.5741675308059151,0.49448091025527274,0.5913393095490282,-0.017171778743113153,39,0.9499564168870035,0.6991812020602196
Atelectasis,llm.L22.ans,3584,0.5798153101317307,0.4947179700099091,0.5708694791047733,0.008945831026957451,39,0.8710860911758723,0.6781029142836016
Atelectasis,llm.L22.vis,3584,0.585896908808531,0.4953695456783668,0.5973485924892574,-0.011451683680726465,39,0.9486837899875061,0.7060560900763054
Atelectasis,llm.L23.ans,3584,0.5561035775026228,0.5125309786300791,0.5657616230506256,-0.009658045548002758,39,0.8688709068193043,0.6780731941082951
Atelectasis,llm.L23.vis,3584,0.5834887203582175,0.47582261428142786,0.5924437899885471,-0.008955069630329549,39,0.9485851468750907,0.7118082949151482
Atelectasis,llm.L24.ans,3584,0.5574114700346311,0.495078978150541,0.5703140527181448,-0.012902582683513741,39,0.8645670744109015,0.6663058533103157
Atelectasis,llm.L24.vis,3584,0.5869071220200743,0.49304398948538397,0.5840810491961388,0.0028260728239355437,39,0.9490185082953193,0.7019347976326245
Atelectasis,llm.L25.ans,3584,0.5685973038855449,0.5154546027183303,0.570296485744056,-0.0016991818585111451,39,0.8589493564226981,0.6714433197862422
Atelectasis,llm.L25.vis,3584,0.5838609041729966,0.4929108973659952,0.6016826405573209,-0.01782173638432427,39,0.9484889734724119,0.7056912002684769
Atelectasis,llm.L26.ans,3584,0.5821747320039474,0.5038501890720871,0.5705227897043754,0.011651942299572005,39,0.8601494900775779,0.6803956338360639
Atelectasis,llm.L26.vis,3584,0.58924757911192,0.4815032433161002,0.593352967010256,-0.0041053878983359215,39,0.9505793648487666,0.7138825925093782
Atelectasis,llm.L27.ans,3584,0.5555227811037637,0.48807115314669736,0.5664138400199781,-0.010891058916214336,39,0.8688573960542755,0.6751550710582374
Atelectasis,llm.L27.vis,3584,0.5785910658274299,0.4847218374704776,0.5915750858973365,-0.012984020069906621,39,0.9536021442891595,0.7121973590282498
Consolidation,vis.block0,1024,0.5,0.5,0.5,0.0,39,0.5,0.5
Consolidation,vis.block12,1024,0.5,0.5,0.5,0.0,39,0.5,0.5
Consolidation,vis.block16,1024,0.5,0.5,0.5,0.0,39,0.5,0.5
Consolidation,vis.block20,1024,0.5,0.5,0.5,0.0,39,0.5,0.5
Consolidation,vis.block4,1024,0.5,0.5,0.5,0.0,39,0.5,0.5
Consolidation,vis.block8,1024,0.5,0.5,0.5,0.0,39,0.5,0.5
Consolidation,vis.last,1024,0.5,0.5,0.5,0.0,39,0.5,0.5
Consolidation,connector,3584,0.5965504381138634,0.44300236814742877,0.5365178540913877,0.06003258402247569,39,0.9196538048057644,0.5905565209477466
Consolidation,llm.L0.ans,3584,0.5648486270148032,0.48026082567562045,0.5398632631058942,0.024985363908909042,39,0.8492863991632043,0.6218683609536622
Consolidation,llm.L0.vis,3584,0.6055334525533689,0.4870002279852561,0.5513448435495045,0.05418860900386435,39,0.940102565592585,0.6531120862994257
Consolidation,llm.L1.ans,3584,0.5571340276560612,0.43737719435808975,0.5487934157503752,0.008340611905686024,39,0.8686384635499899,0.6798996339725778
Consolidation,llm.L1.vis,3584,0.6147747624275026,0.4948650604029145,0.5580142236196595,0.05676053880784315,39,0.9397870238544904,0.6699702513843344
Consolidation,llm.L2.ans,3584,0.5875746717605337,0.45353910869625375,0.5533986932165949,0.034175978543938834,39,0.8645412150971904,0.6742141217759299
Consolidation,llm.L2.vis,3584,0.6207550924394554,0.5114842630870785,0.5521528060423975,0.0686022863970579,39,0.937711160182468,0.6856761553184895
Consolidation,llm.L3.ans,3584,0.5958012495700566,0.4648494177151133,0.5423783395834822,0.053422909986574396,39,0.8650739460150506,0.6791347305133769
Consolidation,llm.L3.vis,3584,0.6153803070816437,0.4746751869017858,0.5617354183042885,0.05364488877735518,39,0.9445878490280966,0.6850521738388513
Consolidation,llm.L4.ans,3584,0.5692297656496064,0.47133250134089594,0.5436416256808105,0.02558813996879583,39,0.8695773890809775,0.6625487396654846
Consolidation,llm.L4.vis,3584,0.603985656696375,0.5010088018122851,0.5655692399466847,0.03841641674969032,39,0.9431840369584799,0.6838137383998886
Consolidation,llm.L5.ans,3584,0.6013440587437616,0.492634626611546,0.5564430387219248,0.044901020021836824,39,0.8643879478164862,0.6741957777442813
Consolidation,llm.L5.vis,3584,0.6102124216383047,0.4782386096325748,0.5699508169726495,0.040261604665655204,39,0.9467928639916322,0.6811493033534026
Consolidation,llm.L6.ans,3584,0.5733150505850523,0.4957875440980152,0.5618514629076707,0.011463587677381537,39,0.8681841822355231,0.6626798497211424
Consolidation,llm.L6.vis,3584,0.608090050222648,0.49203830679435595,0.5623815086730525,0.04570854154959547,39,0.9470007554406251,0.6964861936276532
Consolidation,llm.L7.ans,3584,0.5814994577113707,0.5047936206298982,0.5561806567472092,0.025318800964161503,39,0.8686117325740187,0.6686464948679371
Consolidation,llm.L7.vis,3584,0.6067280689385244,0.4766176739968978,0.5612878620762508,0.04544020686227357,39,0.9472334892640264,0.6894780625289736
Consolidation,llm.L8.ans,3584,0.5650074259937455,0.4614889413972465,0.5616302480278631,0.0033771779658824386,39,0.8649681843275125,0.6671023255681672
Consolidation,llm.L8.vis,3584,0.6249675483414403,0.4906954341010594,0.5673614843766991,0.057606063964741216,39,0.9473072900020338,0.6938369741733099
Consolidation,llm.L9.ans,3584,0.604755271664859,0.4887812804337255,0.5505679505622028,0.05418732110265623,39,0.8655405758781997,0.6697842514355271
Consolidation,llm.L9.vis,3584,0.6176265548792139,0.49668762461766347,0.5731467816652634,0.04447977321395047,39,0.9456541825260772,0.6915276170107476
Consolidation,llm.L10.ans,3584,0.5993699436362463,0.48163203179669517,0.5415161608033332,0.05785378283291309,39,0.8665790161838627,0.6694042882373519
Consolidation,llm.L10.vis,3584,0.6188040394243174,0.4995815877525793,0.5588103797004278,0.05999365972388959,39,0.9489441264491386,0.6949215472692989
Consolidation,llm.L11.ans,3584,0.5896074304743807,0.4840548693301846,0.5441730695739438,0.04543436090043684,39,0.8668060842025743,0.6787320150278857
Consolidation,llm.L11.vis,3584,0.6079945072685126,0.49176683302122637,0.5668607992941008,0.04113370797441174,39,0.951872330534329,0.6993389038516779
Consolidation,llm.L12.ans,3584,0.5740793942181357,0.49638715849983067,0.5520914437688553,0.02198795044928037,39,0.8647441671267106,0.6812157115920059
Consolidation,llm.L12.vis,3584,0.6016524318646953,0.5242916313597015,0.5613246794403761,0.040327752424319185,39,0.9498831972571694,0.6974015465867304
Consolidation,llm.L13.ans,3584,0.5909964273524323,0.5020512083877489,0.5506602269938079,0.0403362003586244,39,0.8727743556963129,0.6676634538540953
Consolidation,llm.L13.vis,3584,0.6139366200988111,0.5236570943608572,0.5584089616881927,0.05552765841061846,39,0.9461533544469304,0.6944716207876273
Consolidation,llm.L14.ans,3584,0.5871404455069114,0.4730470031799331,0.5553835685812731,0.03175687692563822,39,0.8655896795188425,0.6710329254037821
Consolidation,llm.L14.vis,3584,0.6165413187036206,0.5192001802796707,0.5610312279600695,0.055510090743551066,39,0.9500132202109424,0.6980080372454942
Consolidation,llm.L15.ans,3584,0.5824496159173244,0.47769895667094087,0.5481802590575375,0.034269356859786826,39,0.8691916785309586,0.6727114754005112
Consolidation,llm.L15.vis,3584,0.6295753543984681,0.5168709089495415,0.5684251489006056,0.06115020549786254,39,0.9481278147427142,0.6987777755657498
Consolidation,llm.L16.ans,3584,0.5924644942614925,0.45699842255288137,0.5447006297788783,0.04776386448261416,39,0.858484469884069,0.6797454872260127
Consolidation,llm.L16.vis,3584,0.607421908460625,0.5036345857586967,0.5672901798613679,0.04013172859925718,39,0.9511128221518436,0.7046047785491436
Consolidation,llm.L17.ans,3584,0.5684641041826729,0.48630243496160486,0.5580979559372272,0.010366148245445683,39,0.8670799314292357,0.6797828862982881
Consolidation,llm.L17.vis,3584,0.6171699254501392,0.4963179722226981,0.5631615086109135,0.05400841683922564,39,0.9516377081093645,0.706533461504552
Consolidation,llm.L18.ans,3584,0.5921324001312562,0.48938353050324124,0.5427322212521632,0.04940017887909298,39,0.8676982305256123,0.6768663274679834
Consolidation,llm.L18.vis,3584,0.6109497496774601,0.5042005953973334,0.5686645394411838,0.042285210236276294,39,0.9506235290699364,0.707467442898869
Consolidation,llm.L19.ans,3584,0.5861698608762804,0.48590313130501134,0.5370980771082989,0.04907178376798149,39,0.860444983583694,0.6757002727430441
Consolidation,llm.L19.vis,3584,0.6122464981860017,0.4865811568209104,0.5704401616857071,0.04180633650029464,39,0.9498518174158119,0.7018435040797695
Consolidation,llm.L20.ans,3584,0.5903388282612105,0.4984047621244009,0.5502395458881063,0.04009928237310423,39,0.8707961181974023,0.6704754943645428
Consolidation,llm.L20.vis,3584,0.6209442015969511,0.4916587706455145,0.5763686893950456,0.044575512201905476,39,0.9525767789173955,0.7123904690668433
Consolidation,llm.L21.ans,3584,0.5823975614802437,0.4784448506301222,0.5517530968529698,0.030644464627273882,39,0.8659107417845833,0.6697814073996127
Consolidation,llm.L21.vis,3584,0.6247250669130137,0.4971969674007441,0.5670872959898589,0.05763777092315481,39,0.9499564168870035,0.6991812020602196
Consolidation,llm.L22.ans,3584,0.5887383190502108,0.4754731352980479,0.5416089032775221,0.0471294157726887,39,0.8710860911758723,0.6781029142836016
Consolidation,llm.L22.vis,3584,0.6175909733652601,0.4716856808127345,0.5617430303331583,0.05584794303210183,39,0.9486837899875061,0.7060560900763054
Consolidation,llm.L23.ans,3584,0.5792228997352472,0.48326087443547294,0.5445410878676687,0.03468181186757846,39,0.8688709068193043,0.6780731941082951
Consolidation,llm.L23.vis,3584,0.6184455886170782,0.5062333541111804,0.5745357439127072,0.04390984470437098,39,0.9485851468750907,0.7118082949151482
Consolidation,llm.L24.ans,3584,0.5792090624798206,0.4887852339352759,0.5440932209445751,0.035115841535245496,39,0.8645670744109015,0.6663058533103157
Consolidation,llm.L24.vis,3584,0.6305386909429234,0.48372606978457366,0.5595130165693674,0.071025674373556,39,0.9490185082953193,0.7019347976326245
Consolidation,llm.L25.ans,3584,0.6012129342756724,0.4623461923167651,0.5478667677461249,0.05334616652954749,39,0.8589493564226981,0.6714433197862422
Consolidation,llm.L25.vis,3584,0.6130213844898864,0.4836015344857351,0.5622528809199059,0.05076850356998053,39,0.9484889734724119,0.7056912002684769
Consolidation,llm.L26.ans,3584,0.578406501665083,0.4634801883448138,0.5426377699551668,0.035768731709916235,39,0.8601494900775779,0.6803956338360639
Consolidation,llm.L26.vis,3584,0.6202740830841529,0.5173571896402446,0.5663539003103844,0.05392018277376853,39,0.9505793648487666,0.7138825925093782
Consolidation,llm.L27.ans,3584,0.5986695149448947,0.5011023680156453,0.5501149571706866,0.04855455777420814,39,0.8688573960542755,0.6751550710582374
Consolidation,llm.L27.vis,3584,0.6379798397777604,0.5011405851972994,0.5572691768755884,0.08071066290217199,39,0.9536021442891595,0.7121973590282498
Infiltration,vis.block0,1024,0.5,0.5,0.5,0.0,39,0.5,0.5
Infiltration,vis.block12,1024,0.5,0.5,0.5,0.0,39,0.5,0.5
Infiltration,vis.block16,1024,0.5,0.5,0.5,0.0,39,0.5,0.5
Infiltration,vis.block20,1024,0.5,0.5,0.5,0.0,39,0.5,0.5
Infiltration,vis.block4,1024,0.5,0.5,0.5,0.0,39,0.5,0.5
Infiltration,vis.block8,1024,0.5,0.5,0.5,0.0,39,0.5,0.5
Infiltration,vis.last,1024,0.5,0.5,0.5,0.0,39,0.5,0.5
Infiltration,connector,3584,0.6014958273399009,0.4901228918678785,0.5345389779421839,0.06695684939771707,39,0.9196538048057644,0.5905565209477466
Infiltration,llm.L0.ans,3584,0.5850878443957901,0.5019329460601347,0.5137126537599417,0.0713751906358484,39,0.8492863991632043,0.6218683609536622
Infiltration,llm.L0.vis,3584,0.6005688545345231,0.5138076369837012,0.5319418138058737,0.06862704072864945,39,0.940102565592585,0.6531120862994257
Infiltration,llm.L1.ans,3584,0.5694934634822989,0.4873432559265727,0.5143469731060462,0.055146490376252744,39,0.8686384635499899,0.6798996339725778
Infiltration,llm.L1.vis,3584,0.6031948499914844,0.48800655190739917,0.528161180107994,0.07503366988349047,39,0.9397870238544904,0.6699702513843344
Infiltration,llm.L2.ans,3584,0.5803998859110393,0.4848968069454733,0.5208003355917983,0.059599550319241024,39,0.8645412150971904,0.6742141217759299
Infiltration,llm.L2.vis,3584,0.6029052671754158,0.4876300172980205,0.5356740013813501,0.06723126579406569,39,0.937711160182468,0.6856761553184895
Infiltration,llm.L3.ans,3584,0.5758093955131849,0.4763319270569357,0.5246164211168597,0.0511929743963252,39,0.8650739460150506,0.6791347305133769
Infiltration,llm.L3.vis,3584,0.6042136479945172,0.5043811905059927,0.5254103443064506,0.07880330368806654,39,0.9445878490280966,0.6850521738388513
Infiltration,llm.L4.ans,3584,0.5869925760097181,0.48357201044857895,0.5278185261926855,0.05917404981703256,39,0.8695773890809775,0.6625487396654846
Infiltration,llm.L4.vis,3584,0.6013037126107288,0.5028119543069608,0.5463277697975856,0.05497594281314322,39,0.9431840369584799,0.6838137383998886
Infiltration,llm.L5.ans,3584,0.5701400872903666,0.4821884766045812,0.5226876157304418,0.047452471559924825,39,0.8643879478164862,0.6741957777442813
Infiltration,llm.L5.vis,3584,0.6096367210504392,0.5074483573036428,0.5542785835653239,0.05535813748511531,39,0.9467928639916322,0.6811493033534026
Infiltration,llm.L6.ans,3584,0.5708834097004344,0.5108253700196372,0.5271116082841456,0.04377180141628878,39,0.8681841822355231,0.6626798497211424
Infiltration,llm.L6.vis,3584,0.5998255321244554,0.5219811055548602,0.5483701340248558,0.05145539809959965,39,0.9470007554406251,0.6964861936276532
Infiltration,llm.L7.ans,3584,0.5709634361296757,0.4792739243114136,0.5250739050540747,0.04588953107560101,39,0.8686117325740187,0.6686464948679371
Infiltration,llm.L7.vis,3584,0.6023320009274857,0.49273554958663274,0.536362134058754,0.06596986686873174,39,0.9472334892640264,0.6894780625289736
Infiltration,llm.L8.ans,3584,0.5607328779350719,0.4946438721300779,0.5213511807153359,0.039381697219735945,39,0.8649681843275125,0.6671023255681672
Infiltration,llm.L8.vis,3584,0.6018544073016935,0.4843989502174052,0.5483674504204078,0.053486956881285685,39,0.9473072900020338,0.6938369741733099
Infiltration,llm.L9.ans,3584,0.5757329600134609,0.49368124652449324,0.5196937018628452,0.05603925815061561,39,0.8655405758781997,0.6697842514355271
Infiltration,llm.L9.vis,3584,0.6093871514489915,0.50252365396572,0.5532482206996299,0.056138930749361604,39,0.9456541825260772,0.6915276170107476
Infiltration,llm.L10.ans,3584,0.5785033621360081,0.5033870160196496,0.5243346426498192,0.05416871948618884,39,0.8665790161838627,0.6694042882373519
Infiltration,llm.L10.vis,3584,0.6141784774048454,0.49723036736234943,0.5480235253240453,0.06615495208080013,39,0.9489441264491386,0.6949215472692989
Infiltration,llm.L11.ans,3584,0.5867694253897184,0.5039446360746831,0.5279668306490227,0.05880259474069571,39,0.8668060842025743,0.6787320150278857
Infiltration,llm.L11.vis,3584,0.5994387377164562,0.49104576075380796,0.5490072782177478,0.05043145949870842,39,0.951872330534329,0.6993389038516779
Infiltration,llm.L12.ans,3584,0.5771413738691137,0.4888901770636046,0.5248217874783017,0.05231958639081202,39,0.8647441671267106,0.6812157115920059
Infiltration,llm.L12.vis,3584,0.6096818641643701,0.5102326101543279,0.5458601164119361,0.06382174775243399,39,0.9498831972571694,0.6974015465867304
Infiltration,llm.L13.ans,3584,0.5840382669968954,0.5033308436222014,0.524784781985387,0.0592534850115084,39,0.8727743556963129,0.6676634538540953
Infiltration,llm.L13.vis,3584,0.6122009012207109,0.512155809405773,0.5432016531003399,0.06899924812037106,39,0.9461533544469304,0.6944716207876273
Infiltration,llm.L14.ans,3584,0.5860589343352368,0.5035129550477183,0.5184407410703062,0.06761819326493057,39,0.8655896795188425,0.6710329254037821
Infiltration,llm.L14.vis,3584,0.6131524975427782,0.5113473372744639,0.5529405948844849,0.06021190265829335,39,0.9500132202109424,0.6980080372454942
Infiltration,llm.L15.ans,3584,0.5770708377535966,0.5112803920884641,0.5234332340399688,0.0536376037136278,39,0.8691916785309586,0.6727114754005112
Infiltration,llm.L15.vis,3584,0.6051557540028605,0.5046684648673716,0.5412832996470354,0.06387245435582511,39,0.9481278147427142,0.6987777755657498
Infiltration,llm.L16.ans,3584,0.5664350175134762,0.4817031881298234,0.5306430904953793,0.03579192701809697,39,0.858484469884069,0.6797454872260127
Infiltration,llm.L16.vis,3584,0.6059347292131351,0.5100607585274316,0.5400135310161115,0.06592119819702358,39,0.9511128221518436,0.7046047785491436
Infiltration,llm.L17.ans,3584,0.5756914078290472,0.5022781882837204,0.5322046657994387,0.04348674202960845,39,0.8670799314292357,0.6797828862982881
Infiltration,llm.L17.vis,3584,0.6027182823455541,0.5049893400692331,0.5354882677050803,0.06723001464047385,39,0.9516377081093645,0.706533461504552
Infiltration,llm.L18.ans,3584,0.5833111037696552,0.5005004216777234,0.5322711909412813,0.051039912828373946,39,0.8676982305256123,0.6768663274679834
Infiltration,llm.L18.vis,3584,0.604395246430103,0.49236081044201263,0.557714868439823,0.04668037799028002,39,0.9506235290699364,0.707467442898869
Infiltration,llm.L19.ans,3584,0.5820512004990366,0.5036263258224767,0.5295624453568699,0.052488755142166665,39,0.860444983583694,0.6757002727430441
Infiltration,llm.L19.vis,3584,0.6076245180459598,0.4998461030206899,0.5477637806619463,0.05986073738401354,39,0.9498518174158119,0.7018435040797695
Infiltration,llm.L20.ans,3584,0.5831669535990348,0.5071846804790916,0.5227384629726145,0.060428490626420306,39,0.8707961181974023,0.6704754943645428
Infiltration,llm.L20.vis,3584,0.6094402459068534,0.4988770650409674,0.5410173403220044,0.06842290558484898,39,0.9525767789173955,0.7123904690668433
Infiltration,llm.L21.ans,3584,0.5818526733957265,0.5004806715653786,0.5326295227562595,0.04922315063946703,39,0.8659107417845833,0.6697814073996127
Infiltration,llm.L21.vis,3584,0.5918841914970894,0.511257051046602,0.5420094265137294,0.049874764983359965,39,0.9499564168870035,0.6991812020602196
Infiltration,llm.L22.ans,3584,0.571563121359054,0.4818047601361681,0.5248446687372794,0.04671845262177454,39,0.8710860911758723,0.6781029142836016
Infiltration,llm.L22.vis,3584,0.6086661441009236,0.4889073622262943,0.5470201397451706,0.06164600435575296,39,0.9486837899875061,0.7060560900763054
Infiltration,llm.L23.ans,3584,0.5842373070901364,0.49965527076634536,0.520481834116522,0.06375547297361439,39,0.8688709068193043,0.6780731941082951
Infiltration,llm.L23.vis,3584,0.5968791744555637,0.4955223673869729,0.5434791942971993,0.053399980158364446,39,0.9485851468750907,0.7118082949151482
Infiltration,llm.L24.ans,3584,0.5800938874171778,0.5125048990538413,0.5230448176067051,0.05704906981047275,39,0.8645670744109015,0.6663058533103157
Infiltration,llm.L24.vis,3584,0.6094851325258188,0.497460443346418,0.5497804387834515,0.05970469374236731,39,0.9490185082953193,0.7019347976326245
Infiltration,llm.L25.ans,3584,0.5775173954885613,0.4923264401166334,0.5294203555634651,0.048097039925096174,39,0.8589493564226981,0.6714433197862422
Infiltration,llm.L25.vis,3584,0.6174693078124263,0.5099007056689492,0.5448451489612334,0.07262415885119289,39,0.9484889734724119,0.7056912002684769
Infiltration,llm.L26.ans,3584,0.5762980184224944,0.47426278217011153,0.5262609056741285,0.050037112748365864,39,0.8601494900775779,0.6803956338360639
Infiltration,llm.L26.vis,3584,0.608183420575821,0.49090520151270467,0.5337716083123941,0.07441181226342686,39,0.9505793648487666,0.7138825925093782
Infiltration,llm.L27.ans,3584,0.5872054668310971,0.48000416547824,0.5250185380570421,0.06218692877405496,39,0.8688573960542755,0.6751550710582374
Infiltration,llm.L27.vis,3584,0.6122578431030555,0.508922433870468,0.5427941689512614,0.06946367415179411,39,0.9536021442891595,0.7121973590282498
Mass,vis.block0,1024,0.5,0.5,0.5,0.0,39,0.5,0.5
Mass,vis.block12,1024,0.5,0.5,0.5,0.0,39,0.5,0.5
Mass,vis.block16,1024,0.5,0.5,0.5,0.0,39,0.5,0.5
Mass,vis.block20,1024,0.5,0.5,0.5,0.0,39,0.5,0.5
Mass,vis.block4,1024,0.5,0.5,0.5,0.0,39,0.5,0.5
Mass,vis.block8,1024,0.5,0.5,0.5,0.0,39,0.5,0.5
Mass,vis.last,1024,0.5,0.5,0.5,0.0,39,0.5,0.5
Mass,connector,3584,0.5001119395720989,0.4985280216654445,0.519534515665112,-0.019422576093013122,39,0.9196538048057644,0.5905565209477466
Mass,llm.L0.ans,3584,0.5125393951585864,0.5025994856187392,0.5499464052902514,-0.03740701013166503,39,0.8492863991632043,0.6218683609536622
Mass,llm.L0.vis,3584,0.47449183760434177,0.47580212544586553,0.5783121194607599,-0.10382028185641812,39,0.940102565592585,0.6531120862994257
Mass,llm.L1.ans,3584,0.5190481134667091,0.5198214158246863,0.5472839746777597,-0.028235861211050595,39,0.8686384635499899,0.6798996339725778
Mass,llm.L1.vis,3584,0.4898573013802636,0.48381472757044625,0.5566973226166315,-0.0668400212363679,39,0.9397870238544904,0.6699702513843344
Mass,llm.L2.ans,3584,0.4945533556996169,0.5091855341626594,0.5504899127699896,-0.055936557070372706,39,0.8645412150971904,0.6742141217759299
Mass,llm.L2.vis,3584,0.4829338118074077,0.46197407328094353,0.5660730366527331,-0.08313922484532543,39,0.937711160182468,0.6856761553184895
Mass,llm.L3.ans,3584,0.5064995252031677,0.517386865324257,0.5619894221851858,-0.055489896982018116,39,0.8650739460150506,0.6791347305133769
Mass,llm.L3.vis,3584,0.4944884631940524,0.4865396720332769,0.5605973037996801,-0.06610884060562772,39,0.9445878490280966,0.6850521738388513
Mass,llm.L4.ans,3584,0.48235248311172546,0.4856917432939003,0.5581576524509079,-0.07580516933918241,39,0.8695773890809775,0.6625487396654846
Mass,llm.L4.vis,3584,0.494148859081598,0.47482549323711937,0.5708177645461755,-0.0766689054645775,39,0.9431840369584799,0.6838137383998886
Mass,llm.L5.ans,3584,0.5094624088530681,0.4946009435370309,0.5372891493393906,-0.0278267404863225,39,0.8643879478164862,0.6741957777442813
Mass,llm.L5.vis,3584,0.5151513185075589,0.4844825796068812,0.569675306783511,-0.05452398827595206,39,0.9467928639916322,0.6811493033534026
Mass,llm.L6.ans,3584,0.5337230128292484,0.4974064628609376,0.5572487264956116,-0.023525713666363246,39,0.8681841822355231,0.6626798497211424
Mass,llm.L6.vis,3584,0.5055055883262709,0.525867234259782,0.5619514522654265,-0.05644586393915563,39,0.9470007554406251,0.6964861936276532
Mass,llm.L7.ans,3584,0.5176491392009137,0.5007008390600969,0.5421200655905163,-0.024470926389602576,39,0.8686117325740187,0.6686464948679371
Mass,llm.L7.vis,3584,0.4995414262940106,0.4843949747243691,0.5763941344874397,-0.0768527081934291,39,0.9472334892640264,0.6894780625289736
Mass,llm.L8.ans,3584,0.5265415755467735,0.5200707112002302,0.5607036531767047,-0.034162077629931176,39,0.8649681843275125,0.6671023255681672
Mass,llm.L8.vis,3584,0.5172473464372933,0.4943792274763521,0.5693359296246019,-0.05208858318730858,39,0.9473072900020338,0.6938369741733099
Mass,llm.L9.ans,3584,0.49897253532856156,0.493652972184909,0.5634025416325049,-0.06443000630394335,39,0.8655405758781997,0.6697842514355271
Mass,llm.L9.vis,3584,0.5050686454554696,0.46659766430241634,0.570411688014946,-0.06534304255947643,39,0.9456541825260772,0.6915276170107476
Mass,llm.L10.ans,3584,0.5012280906678088,0.48384933690674736,0.5537457493850889,-0.05251765871728009,39,0.8665790161838627,0.6694042882373519
Mass,llm.L10.vis,3584,0.5051827481110873,0.4968921897543386,0.5770251743928172,-0.07184242628172988,39,0.9489441264491386,0.6949215472692989
Mass,llm.L11.ans,3584,0.4852434442346254,0.5036199202687415,0.5520416392252792,-0.06679819499065376,39,0.8668060842025743,0.6787320150278857
Mass,llm.L11.vis,3584,0.5194466616050512,0.4973723942955161,0.5746164366070348,-0.05516977500198361,39,0.951872330534329,0.6993389038516779
Mass,llm.L12.ans,3584,0.5106969887714334,0.4851736847911434,0.5648694237980671,-0.054172435026633714,39,0.8647441671267106,0.6812157115920059
Mass,llm.L12.vis,3584,0.49567869990028185,0.5143163682692953,0.5699763780056719,-0.07429767810539006,39,0.9498831972571694,0.6974015465867304
Mass,llm.L13.ans,3584,0.5072257804946106,0.482808893734196,0.5551166987002862,-0.04789091820567559,39,0.8727743556963129,0.6676634538540953
Mass,llm.L13.vis,3584,0.4996036149451767,0.5049145257547539,0.57127172349834,-0.0716681085531633,39,0.9461533544469304,0.6944716207876273
Mass,llm.L14.ans,3584,0.5098566308243728,0.49118597543169734,0.5692042109649064,-0.05934758014053354,39,0.8655896795188425,0.6710329254037821
Mass,llm.L14.vis,3584,0.49781474487511435,0.47520944056170955,0.5639727624628701,-0.06615801758775575,39,0.9500132202109424,0.6980080372454942
Mass,llm.L15.ans,3584,0.4916548237844011,0.5138745584605767,0.5581737812663807,-0.06651895748197961,39,0.8691916785309586,0.6727114754005112
Mass,llm.L15.vis,3584,0.5091195601153357,0.4975416555808636,0.5696512815687961,-0.06053172145346042,39,0.9481278147427142,0.6987777755657498
Mass,llm.L16.ans,3584,0.49903850937588556,0.4813114991682944,0.551861198102176,-0.05282268872629048,39,0.858484469884069,0.6797454872260127
Mass,llm.L16.vis,3584,0.5113356391803644,0.48093404109426063,0.5645307186731361,-0.05319507949277169,39,0.9511128221518436,0.7046047785491436
Mass,llm.L17.ans,3584,0.48225244049898014,0.5036009932879518,0.5581186744801817,-0.07586623398120157,39,0.8670799314292357,0.6797828862982881
Mass,llm.L17.vis,3584,0.5282504115266394,0.48292191484805413,0.5620833389336165,-0.033832927406977076,39,0.9516377081093645,0.706533461504552
Mass,llm.L18.ans,3584,0.4812666151852789,0.5084830727899234,0.5665889907393717,-0.08532237555409283,39,0.8676982305256123,0.6768663274679834
Mass,llm.L18.vis,3584,0.5122387265494708,0.4813282630655652,0.5841463824410962,-0.0719076558916254,39,0.9506235290699364,0.707467442898869
Mass,llm.L19.ans,3584,0.5115362651767348,0.4932565871300857,0.5552385048588057,-0.043702239682070876,39,0.860444983583694,0.6757002727430441
Mass,llm.L19.vis,3584,0.5035068991548832,0.4980218601220412,0.5744035698444914,-0.07089667068960814,39,0.9498518174158119,0.7018435040797695
Mass,llm.L20.ans,3584,0.4860286435519562,0.47121638838597196,0.556635495490652,-0.07060685193869587,39,0.8707961181974023,0.6704754943645428
Mass,llm.L20.vis,3584,0.5108073060308932,0.47732547701399297,0.5693969167081088,-0.058589610677215576,39,0.9525767789173955,0.7123904690668433
Mass,llm.L21.ans,3584,0.498234383077765,0.4941867130431773,0.5496187887259579,-0.05138440564819291,39,0.8659107417845833,0.6697814073996127
Mass,llm.L21.vis,3584,0.5206850269195744,0.48662403229051077,0.5675162296205696,-0.04683120270099517,39,0.9499564168870035,0.6991812020602196
Mass,llm.L22.ans,3584,0.48578529665608916,0.4896290960690283,0.5574552089353637,-0.07166991227927455,39,0.8710860911758723,0.6781029142836016
Mass,llm.L22.vis,3584,0.49915477511502193,0.49791640980049884,0.5684323799411298,-0.0692776048261079,39,0.9486837899875061,0.7060560900763054
Mass,llm.L23.ans,3584,0.4946339305606929,0.511559518324562,0.5441200387091571,-0.04948610814846427,39,0.8688709068193043,0.6780731941082951
Mass,llm.L23.vis,3584,0.49240054682751355,0.492926716893466,0.5740725931103077,-0.08167204628279412,39,0.9485851468750907,0.7118082949151482
Mass,llm.L24.ans,3584,0.49288940370276635,0.5224863347198699,0.5518810231045281,-0.058991619401761786,39,0.8645670744109015,0.6663058533103157
Mass,llm.L24.vis,3584,0.4940466533853339,0.47981572691503194,0.5720321299444899,-0.07798547655915605,39,0.9490185082953193,0.7019347976326245
Mass,llm.L25.ans,3584,0.5161544484894105,0.5008684780328053,0.5588063332482089,-0.04265188475879844,39,0.8589493564226981,0.6714433197862422
Mass,llm.L25.vis,3584,0.5015249738807666,0.49378870567571487,0.5692211798228519,-0.06769620594208536,39,0.9484889734724119,0.7056912002684769
Mass,llm.L26.ans,3584,0.5021928259172015,0.5112166695868294,0.5557164890256852,-0.053523663108483666,39,0.8601494900775779,0.6803956338360639
Mass,llm.L26.vis,3584,0.49626651784652054,0.4638478443791193,0.5717609642343516,-0.0754944463878311,39,0.9505793648487666,0.7138825925093782
Mass,llm.L27.ans,3584,0.475287311568387,0.4824000709491394,0.5491513890942326,-0.07386407752584556,39,0.8688573960542755,0.6751550710582374
Mass,llm.L27.vis,3584,0.47311557571549395,0.4944046437076981,0.5715165118748404,-0.09840093615934647,39,0.9536021442891595,0.7121973590282498
Nodule,vis.block0,1024,0.5,0.5,0.5,0.0,39,0.5,0.5
Nodule,vis.block12,1024,0.5,0.5,0.5,0.0,39,0.5,0.5
Nodule,vis.block16,1024,0.5,0.5,0.5,0.0,39,0.5,0.5
Nodule,vis.block20,1024,0.5,0.5,0.5,0.0,39,0.5,0.5
Nodule,vis.block4,1024,0.5,0.5,0.5,0.0,39,0.5,0.5
Nodule,vis.block8,1024,0.5,0.5,0.5,0.0,39,0.5,0.5
Nodule,vis.last,1024,0.5,0.5,0.5,0.0,39,0.5,0.5
Nodule,connector,3584,0.5147845703877809,0.47872675090880235,0.5450175351370452,-0.03023296474926429,39,0.9196538048057644,0.5905565209477466
Nodule,llm.L0.ans,3584,0.535006367284627,0.53678901804001,0.5542907155198804,-0.01928434823525338,39,0.8492863991632043,0.6218683609536622
Nodule,llm.L0.vis,3584,0.5606020957246612,0.4916403409992669,0.5710432944279971,-0.010441198703335819,39,0.940102565592585,0.6531120862994257
Nodule,llm.L1.ans,3584,0.5325142460908274,0.536839087192122,0.5537779129180646,-0.021263666827237127,39,0.8686384635499899,0.6798996339725778
Nodule,llm.L1.vis,3584,0.5399429022725727,0.5108399714322422,0.5697528644832835,-0.02980996221071086,39,0.9397870238544904,0.6699702513843344
Nodule,llm.L2.ans,3584,0.5465718690720013,0.5273457870114951,0.5674014919761596,-0.02082962290415835,39,0.8645412150971904,0.6742141217759299
Nodule,llm.L2.vis,3584,0.5437042292373617,0.5219912218384637,0.5644315102406432,-0.020727281003281472,39,0.937711160182468,0.6856761553184895
Nodule,llm.L3.ans,3584,0.5326257208068503,0.5208278225775977,0.559748282953628,-0.027122562146777662,39,0.8650739460150506,0.6791347305133769
Nodule,llm.L3.vis,3584,0.523985957964585,0.530874717534406,0.5589792845006647,-0.03499332653607967,39,0.9445878490280966,0.6850521738388513
Nodule,llm.L4.ans,3584,0.5365826008751711,0.5197059901599945,0.5586618646209349,-0.022079263745763855,39,0.8695773890809775,0.6625487396654846
Nodule,llm.L4.vis,3584,0.5607745036541033,0.5039332625437396,0.5661157873759339,-0.005341283721830625,39,0.9431840369584799,0.6838137383998886
Nodule,llm.L5.ans,3584,0.5615090086685762,0.5097337265808626,0.5615880855574982,-7.907688892194731e-05,39,0.8643879478164862,0.6741957777442813
Nodule,llm.L5.vis,3584,0.5510058231368608,0.5170272905220039,0.555837135865981,-0.004831312729120296,39,0.9467928639916322,0.6811493033534026
Nodule,llm.L6.ans,3584,0.5517559157175571,0.5125853064987871,0.5608164162576503,-0.00906050054009322,39,0.8681841822355231,0.6626798497211424
Nodule,llm.L6.vis,3584,0.5347890860584807,0.5059558673488668,0.5788146370627258,-0.0440255510042451,39,0.9470007554406251,0.6964861936276532
Nodule,llm.L7.ans,3584,0.5650558885101689,0.5242405548795696,0.5548409099780784,0.010214978532090413,39,0.8686117325740187,0.6686464948679371
Nodule,llm.L7.vis,3584,0.5292970668923873,0.5080715252008434,0.5660539469980708,-0.036756880105683454,39,0.9472334892640264,0.6894780625289736
Nodule,llm.L8.ans,3584,0.5690189091348806,0.49050811687084805,0.5590707096440172,0.009948199490863452,39,0.8649681843275125,0.6671023255681672
Nodule,llm.L8.vis,3584,0.5584887996251426,0.5003216706847948,0.5654903983054504,-0.007001598680307808,39,0.9473072900020338,0.6938369741733099
Nodule,llm.L9.ans,3584,0.5561950656378243,0.4813473514363234,0.5546432673086287,0.0015517983291956083,39,0.8655405758781997,0.6697842514355271
Nodule,llm.L9.vis,3584,0.5314179205997718,0.5232533423520787,0.5688624452219576,-0.03744452462218584,39,0.9456541825260772,0.6915276170107476
Nodule,llm.L10.ans,3584,0.5667544608780428,0.49935240747598564,0.5571682448632425,0.009586216014800364,39,0.8665790161838627,0.6694042882373519
Nodule,llm.L10.vis,3584,0.5408068313217501,0.5040130897768238,0.5686056330215291,-0.027798801699778997,39,0.9489441264491386,0.6949215472692989
Nodule,llm.L11.ans,3584,0.5581298132515096,0.5069992895848606,0.5526465010878565,0.0054833121636530535,39,0.8668060842025743,0.6787320150278857
Nodule,llm.L11.vis,3584,0.5482694967388922,0.5007146662938247,0.575655025198413,-0.027385528459520803,39,0.951872330534329,0.6993389038516779
Nodule,llm.L12.ans,3584,0.5642670631891594,0.5095443140337221,0.5607683410137302,0.0034987221754292364,39,0.8647441671267106,0.6812157115920059
Nodule,llm.L12.vis,3584,0.581607522087109,0.5172360694393011,0.5721064969377714,0.009501025149337594,39,0.9498831972571694,0.6974015465867304
Nodule,llm.L13.ans,3584,0.5408559557728787,0.4888237150177226,0.5567959698975011,-0.015940014124622426,39,0.8727743556963129,0.6676634538540953
Nodule,llm.L13.vis,3584,0.5380893989434463,0.5313754090555258,0.5695537836655113,-0.03146438472206503,39,0.9461533544469304,0.6944716207876273
Nodule,llm.L14.ans,3584,0.5603748951381908,0.5039946681076506,0.5564756737211266,0.0038992214170642248,39,0.8655896795188425,0.6710329254037821
Nodule,llm.L14.vis,3584,0.5484026995775297,0.5149999622119606,0.5713052428724341,-0.022902543294904376,39,0.9500132202109424,0.6980080372454942
Nodule,llm.L15.ans,3584,0.5490658796677675,0.501084516728765,0.5585353075685637,-0.00946942790079619,39,0.8691916785309586,0.6727114754005112
Nodule,llm.L15.vis,3584,0.5287392209617812,0.5239207735967412,0.5650080022681654,-0.036268781306384223,39,0.9481278147427142,0.6987777755657498
Nodule,llm.L16.ans,3584,0.539957545137813,0.4948518519918076,0.5632694863961442,-0.023311941258331137,39,0.858484469884069,0.6797454872260127
Nodule,llm.L16.vis,3584,0.5725114686699366,0.5154893173212816,0.5699297567269388,0.002581711942997833,39,0.9511128221518436,0.7046047785491436
Nodule,llm.L17.ans,3584,0.5650549438091855,0.5164377971084593,0.5619611823222808,0.003093761486904767,39,0.8670799314292357,0.6797828862982881
Nodule,llm.L17.vis,3584,0.5415021312454181,0.5090020556693395,0.56352465499849,-0.0220225237530719,39,0.9516377081093645,0.706533461504552
Nodule,llm.L18.ans,3584,0.5550840972815285,0.5083124239515708,0.5640388957486281,-0.008954798467099567,39,0.8676982305256123,0.6768663274679834
Nodule,llm.L18.vis,3584,0.531212448135916,0.5033980894367315,0.5759202608390157,-0.04470781270309976,39,0.9506235290699364,0.707467442898869
Nodule,llm.L19.ans,3584,0.5565162639721275,0.5150429461066983,0.5555577241919147,0.0009585397802127638,39,0.860444983583694,0.6757002727430441
Nodule,llm.L19.vis,3584,0.537595792679701,0.5227398973676852,0.5666639273365288,-0.029068134656827782,39,0.9498518174158119,0.7018435040797695
Nodule,llm.L20.ans,3584,0.547643159987001,0.5023022362961675,0.5676461826407279,-0.020003022653726887,39,0.8707961181974023,0.6704754943645428
Nodule,llm.L20.vis,3584,0.5421870394582706,0.5196502528019832,0.5688110827818719,-0.026624043323601243,39,0.9525767789173955,0.7123904690668433
Nodule,llm.L21.ans,3584,0.5483223999939539,0.5150084645208098,0.5528706467763905,-0.0045482467824365935,39,0.8659107417845833,0.6697814073996127
Nodule,llm.L21.vis,3584,0.5557916783179787,0.5239552551826296,0.5811545043832705,-0.025362826065291832,39,0.9499564168870035,0.6991812020602196
Nodule,llm.L22.ans,3584,0.5515301321825615,0.5080535758821618,0.5628705029615584,-0.011340370778996856,39,0.8710860911758723,0.6781029142836016
Nodule,llm.L22.vis,3584,0.5346421850555862,0.5295516638073717,0.5691034377908399,-0.03446125273525369,39,0.9486837899875061,0.7060560900763054
Nodule,llm.L23.ans,3584,0.5464670072628611,0.5019059342336964,0.5546710030262749,-0.008203995763413796,39,0.8688709068193043,0.6780731941082951
Nodule,llm.L23.vis,3584,0.5099174709221038,0.5266859133746986,0.5758830744323937,-0.0659656035102899,39,0.9485851468750907,0.7118082949151482
Nodule,llm.L24.ans,3584,0.5558922889726944,0.5169956430390653,0.5567320750220345,-0.0008397860493400966,39,0.8645670744109015,0.6663058533103157
Nodule,llm.L24.vis,3584,0.5393066461603573,0.5099732082801152,0.5705259719314537,-0.03121932577109643,39,0.9490185082953193,0.7019347976326245
Nodule,llm.L25.ans,3584,0.5533586009356319,0.5157099050008691,0.563893231868545,-0.01053463093291307,39,0.8589493564226981,0.6714433197862422
Nodule,llm.L25.vis,3584,0.5321207781313059,0.5053928255628528,0.5650846350287733,-0.03296385689746739,39,0.9484889734724119,0.7056912002684769
Nodule,llm.L26.ans,3584,0.5528409047968137,0.5241767875632005,0.5510762485695561,0.0017646562272576327,39,0.8601494900775779,0.6803956338360639
Nodule,llm.L26.vis,3584,0.5472232403999485,0.512145075840595,0.5679138836784547,-0.020690643278506227,39,0.9505793648487666,0.7138825925093782
Nodule,llm.L27.ans,3584,0.5418615899695428,0.48847275860244715,0.5612371773668327,-0.01937558739728984,39,0.8688573960542755,0.6751550710582374
Nodule,llm.L27.vis,3584,0.5577783844857425,0.5160273245312395,0.5672589098424816,-0.009480525356739156,39,0.9536021442891595,0.7121973590282498
